{
 "cells": [
  {
   "cell_type": "code",
   "execution_count": 65,
   "id": "ecbe7bea",
   "metadata": {},
   "outputs": [],
   "source": [
    "import numpy as np\n",
    "from scipy.spatial.distance import cdist\n",
    "import pandas as pd\n",
    "import random"
   ]
  },
  {
   "cell_type": "code",
   "execution_count": 66,
   "id": "dffbda31",
   "metadata": {},
   "outputs": [
    {
     "name": "stdout",
     "output_type": "stream",
     "text": [
      "Number of cities(genes): 20\n"
     ]
    }
   ],
   "source": [
    "city_pos = [[60, 200], [180, 200], [80, 180], [140, 180], [20, 160], [100, 160], [200, 160], [140, 140], [40, \n",
    "120], [100, 120], [180, 100], [60, 80], [120, 80], [180, 60], [20, 40], [100, 40], [200, 40], [20, \n",
    "20], [60, 20], [160, 20]]\n",
    "print(\"Number of cities(genes):\",len(city_pos))"
   ]
  },
  {
   "cell_type": "code",
   "execution_count": 67,
   "id": "c8a1f55a",
   "metadata": {},
   "outputs": [
    {
     "data": {
      "text/plain": [
       "(20, 20)"
      ]
     },
     "execution_count": 67,
     "metadata": {},
     "output_type": "execute_result"
    }
   ],
   "source": [
    "distances = cdist(city_pos, city_pos)\n",
    "distances.shape"
   ]
  },
  {
   "cell_type": "code",
   "execution_count": 68,
   "id": "4d7a6b09",
   "metadata": {},
   "outputs": [
    {
     "data": {
      "text/plain": [
       "array([[  0.        , 120.        ,  28.28427125,  82.46211251,\n",
       "         56.56854249,  56.56854249, 145.60219779, 100.        ,\n",
       "         82.46211251,  89.4427191 , 156.20499352, 120.        ,\n",
       "        134.16407865, 184.39088915, 164.92422502, 164.92422502,\n",
       "        212.60291625, 184.39088915, 180.        , 205.91260282],\n",
       "       [120.        ,   0.        , 101.98039027,  44.72135955,\n",
       "        164.92422502,  89.4427191 ,  44.72135955,  72.11102551,\n",
       "        161.24515497, 113.13708499, 100.        , 169.70562748,\n",
       "        134.16407865, 140.        , 226.27416998, 178.8854382 ,\n",
       "        161.24515497, 240.83189158, 216.33307653, 181.10770276],\n",
       "       [ 28.28427125, 101.98039027,   0.        ,  60.        ,\n",
       "         63.2455532 ,  28.28427125, 121.65525061,  72.11102551,\n",
       "         72.11102551,  63.2455532 , 128.06248475, 101.98039027,\n",
       "        107.70329614, 156.20499352, 152.31546212, 141.42135624,\n",
       "        184.39088915, 170.88007491, 161.24515497, 178.8854382 ],\n",
       "       [ 82.46211251,  44.72135955,  60.        ,   0.        ,\n",
       "        121.65525061,  44.72135955,  63.2455532 ,  40.        ,\n",
       "        116.6190379 ,  72.11102551,  89.4427191 , 128.06248475,\n",
       "        101.98039027, 126.49110641, 184.39088915, 145.60219779,\n",
       "        152.31546212, 200.        , 178.8854382 , 161.24515497],\n",
       "       [ 56.56854249, 164.92422502,  63.2455532 , 121.65525061,\n",
       "          0.        ,  80.        , 180.        , 121.65525061,\n",
       "         44.72135955,  89.4427191 , 170.88007491,  89.4427191 ,\n",
       "        128.06248475, 188.67962264, 120.        , 144.22205102,\n",
       "        216.33307653, 140.        , 145.60219779, 197.98989873],\n",
       "       [ 56.56854249,  89.4427191 ,  28.28427125,  44.72135955,\n",
       "         80.        ,   0.        , 100.        ,  44.72135955,\n",
       "         72.11102551,  40.        , 100.        ,  89.4427191 ,\n",
       "         82.46211251, 128.06248475, 144.22205102, 120.        ,\n",
       "        156.20499352, 161.24515497, 145.60219779, 152.31546212],\n",
       "       [145.60219779,  44.72135955, 121.65525061,  63.2455532 ,\n",
       "        180.        , 100.        ,   0.        ,  63.2455532 ,\n",
       "        164.92422502, 107.70329614,  63.2455532 , 161.24515497,\n",
       "        113.13708499, 101.98039027, 216.33307653, 156.20499352,\n",
       "        120.        , 228.03508502, 197.98989873, 145.60219779],\n",
       "       [100.        ,  72.11102551,  72.11102551,  40.        ,\n",
       "        121.65525061,  44.72135955,  63.2455532 ,   0.        ,\n",
       "        101.98039027,  44.72135955,  56.56854249, 100.        ,\n",
       "         63.2455532 ,  89.4427191 , 156.20499352, 107.70329614,\n",
       "        116.6190379 , 169.70562748, 144.22205102, 121.65525061],\n",
       "       [ 82.46211251, 161.24515497,  72.11102551, 116.6190379 ,\n",
       "         44.72135955,  72.11102551, 164.92422502, 101.98039027,\n",
       "          0.        ,  60.        , 141.42135624,  44.72135955,\n",
       "         89.4427191 , 152.31546212,  82.46211251, 100.        ,\n",
       "        178.8854382 , 101.98039027, 101.98039027, 156.20499352],\n",
       "       [ 89.4427191 , 113.13708499,  63.2455532 ,  72.11102551,\n",
       "         89.4427191 ,  40.        , 107.70329614,  44.72135955,\n",
       "         60.        ,   0.        ,  82.46211251,  56.56854249,\n",
       "         44.72135955, 100.        , 113.13708499,  80.        ,\n",
       "        128.06248475, 128.06248475, 107.70329614, 116.6190379 ],\n",
       "       [156.20499352, 100.        , 128.06248475,  89.4427191 ,\n",
       "        170.88007491, 100.        ,  63.2455532 ,  56.56854249,\n",
       "        141.42135624,  82.46211251,   0.        , 121.65525061,\n",
       "         63.2455532 ,  40.        , 170.88007491, 100.        ,\n",
       "         63.2455532 , 178.8854382 , 144.22205102,  82.46211251],\n",
       "       [120.        , 169.70562748, 101.98039027, 128.06248475,\n",
       "         89.4427191 ,  89.4427191 , 161.24515497, 100.        ,\n",
       "         44.72135955,  56.56854249, 121.65525061,   0.        ,\n",
       "         60.        , 121.65525061,  56.56854249,  56.56854249,\n",
       "        145.60219779,  72.11102551,  60.        , 116.6190379 ],\n",
       "       [134.16407865, 134.16407865, 107.70329614, 101.98039027,\n",
       "        128.06248475,  82.46211251, 113.13708499,  63.2455532 ,\n",
       "         89.4427191 ,  44.72135955,  63.2455532 ,  60.        ,\n",
       "          0.        ,  63.2455532 , 107.70329614,  44.72135955,\n",
       "         89.4427191 , 116.6190379 ,  84.85281374,  72.11102551],\n",
       "       [184.39088915, 140.        , 156.20499352, 126.49110641,\n",
       "        188.67962264, 128.06248475, 101.98039027,  89.4427191 ,\n",
       "        152.31546212, 100.        ,  40.        , 121.65525061,\n",
       "         63.2455532 ,   0.        , 161.24515497,  82.46211251,\n",
       "         28.28427125, 164.92422502, 126.49110641,  44.72135955],\n",
       "       [164.92422502, 226.27416998, 152.31546212, 184.39088915,\n",
       "        120.        , 144.22205102, 216.33307653, 156.20499352,\n",
       "         82.46211251, 113.13708499, 170.88007491,  56.56854249,\n",
       "        107.70329614, 161.24515497,   0.        ,  80.        ,\n",
       "        180.        ,  20.        ,  44.72135955, 141.42135624],\n",
       "       [164.92422502, 178.8854382 , 141.42135624, 145.60219779,\n",
       "        144.22205102, 120.        , 156.20499352, 107.70329614,\n",
       "        100.        ,  80.        , 100.        ,  56.56854249,\n",
       "         44.72135955,  82.46211251,  80.        ,   0.        ,\n",
       "        100.        ,  82.46211251,  44.72135955,  63.2455532 ],\n",
       "       [212.60291625, 161.24515497, 184.39088915, 152.31546212,\n",
       "        216.33307653, 156.20499352, 120.        , 116.6190379 ,\n",
       "        178.8854382 , 128.06248475,  63.2455532 , 145.60219779,\n",
       "         89.4427191 ,  28.28427125, 180.        , 100.        ,\n",
       "          0.        , 181.10770276, 141.42135624,  44.72135955],\n",
       "       [184.39088915, 240.83189158, 170.88007491, 200.        ,\n",
       "        140.        , 161.24515497, 228.03508502, 169.70562748,\n",
       "        101.98039027, 128.06248475, 178.8854382 ,  72.11102551,\n",
       "        116.6190379 , 164.92422502,  20.        ,  82.46211251,\n",
       "        181.10770276,   0.        ,  40.        , 140.        ],\n",
       "       [180.        , 216.33307653, 161.24515497, 178.8854382 ,\n",
       "        145.60219779, 145.60219779, 197.98989873, 144.22205102,\n",
       "        101.98039027, 107.70329614, 144.22205102,  60.        ,\n",
       "         84.85281374, 126.49110641,  44.72135955,  44.72135955,\n",
       "        141.42135624,  40.        ,   0.        , 100.        ],\n",
       "       [205.91260282, 181.10770276, 178.8854382 , 161.24515497,\n",
       "        197.98989873, 152.31546212, 145.60219779, 121.65525061,\n",
       "        156.20499352, 116.6190379 ,  82.46211251, 116.6190379 ,\n",
       "         72.11102551,  44.72135955, 141.42135624,  63.2455532 ,\n",
       "         44.72135955, 140.        , 100.        ,   0.        ]])"
      ]
     },
     "execution_count": 68,
     "metadata": {},
     "output_type": "execute_result"
    }
   ],
   "source": [
    "distances"
   ]
  },
  {
   "cell_type": "code",
   "execution_count": 69,
   "id": "2dd16098",
   "metadata": {
    "scrolled": false
   },
   "outputs": [
    {
     "data": {
      "text/html": [
       "<div>\n",
       "<style scoped>\n",
       "    .dataframe tbody tr th:only-of-type {\n",
       "        vertical-align: middle;\n",
       "    }\n",
       "\n",
       "    .dataframe tbody tr th {\n",
       "        vertical-align: top;\n",
       "    }\n",
       "\n",
       "    .dataframe thead th {\n",
       "        text-align: right;\n",
       "    }\n",
       "</style>\n",
       "<table border=\"1\" class=\"dataframe\">\n",
       "  <thead>\n",
       "    <tr style=\"text-align: right;\">\n",
       "      <th></th>\n",
       "      <th>C1</th>\n",
       "      <th>C2</th>\n",
       "      <th>C3</th>\n",
       "      <th>C4</th>\n",
       "      <th>C5</th>\n",
       "      <th>C6</th>\n",
       "      <th>C7</th>\n",
       "      <th>C8</th>\n",
       "      <th>C9</th>\n",
       "      <th>C10</th>\n",
       "      <th>C11</th>\n",
       "      <th>C12</th>\n",
       "      <th>C13</th>\n",
       "      <th>C14</th>\n",
       "      <th>C15</th>\n",
       "      <th>C16</th>\n",
       "      <th>C17</th>\n",
       "      <th>C18</th>\n",
       "      <th>C19</th>\n",
       "      <th>C20</th>\n",
       "    </tr>\n",
       "  </thead>\n",
       "  <tbody>\n",
       "    <tr>\n",
       "      <th>0</th>\n",
       "      <td>0.000000</td>\n",
       "      <td>120.000000</td>\n",
       "      <td>28.284271</td>\n",
       "      <td>82.462113</td>\n",
       "      <td>56.568542</td>\n",
       "      <td>56.568542</td>\n",
       "      <td>145.602198</td>\n",
       "      <td>100.000000</td>\n",
       "      <td>82.462113</td>\n",
       "      <td>89.442719</td>\n",
       "      <td>156.204994</td>\n",
       "      <td>120.000000</td>\n",
       "      <td>134.164079</td>\n",
       "      <td>184.390889</td>\n",
       "      <td>164.924225</td>\n",
       "      <td>164.924225</td>\n",
       "      <td>212.602916</td>\n",
       "      <td>184.390889</td>\n",
       "      <td>180.000000</td>\n",
       "      <td>205.912603</td>\n",
       "    </tr>\n",
       "    <tr>\n",
       "      <th>1</th>\n",
       "      <td>120.000000</td>\n",
       "      <td>0.000000</td>\n",
       "      <td>101.980390</td>\n",
       "      <td>44.721360</td>\n",
       "      <td>164.924225</td>\n",
       "      <td>89.442719</td>\n",
       "      <td>44.721360</td>\n",
       "      <td>72.111026</td>\n",
       "      <td>161.245155</td>\n",
       "      <td>113.137085</td>\n",
       "      <td>100.000000</td>\n",
       "      <td>169.705627</td>\n",
       "      <td>134.164079</td>\n",
       "      <td>140.000000</td>\n",
       "      <td>226.274170</td>\n",
       "      <td>178.885438</td>\n",
       "      <td>161.245155</td>\n",
       "      <td>240.831892</td>\n",
       "      <td>216.333077</td>\n",
       "      <td>181.107703</td>\n",
       "    </tr>\n",
       "    <tr>\n",
       "      <th>2</th>\n",
       "      <td>28.284271</td>\n",
       "      <td>101.980390</td>\n",
       "      <td>0.000000</td>\n",
       "      <td>60.000000</td>\n",
       "      <td>63.245553</td>\n",
       "      <td>28.284271</td>\n",
       "      <td>121.655251</td>\n",
       "      <td>72.111026</td>\n",
       "      <td>72.111026</td>\n",
       "      <td>63.245553</td>\n",
       "      <td>128.062485</td>\n",
       "      <td>101.980390</td>\n",
       "      <td>107.703296</td>\n",
       "      <td>156.204994</td>\n",
       "      <td>152.315462</td>\n",
       "      <td>141.421356</td>\n",
       "      <td>184.390889</td>\n",
       "      <td>170.880075</td>\n",
       "      <td>161.245155</td>\n",
       "      <td>178.885438</td>\n",
       "    </tr>\n",
       "    <tr>\n",
       "      <th>3</th>\n",
       "      <td>82.462113</td>\n",
       "      <td>44.721360</td>\n",
       "      <td>60.000000</td>\n",
       "      <td>0.000000</td>\n",
       "      <td>121.655251</td>\n",
       "      <td>44.721360</td>\n",
       "      <td>63.245553</td>\n",
       "      <td>40.000000</td>\n",
       "      <td>116.619038</td>\n",
       "      <td>72.111026</td>\n",
       "      <td>89.442719</td>\n",
       "      <td>128.062485</td>\n",
       "      <td>101.980390</td>\n",
       "      <td>126.491106</td>\n",
       "      <td>184.390889</td>\n",
       "      <td>145.602198</td>\n",
       "      <td>152.315462</td>\n",
       "      <td>200.000000</td>\n",
       "      <td>178.885438</td>\n",
       "      <td>161.245155</td>\n",
       "    </tr>\n",
       "    <tr>\n",
       "      <th>4</th>\n",
       "      <td>56.568542</td>\n",
       "      <td>164.924225</td>\n",
       "      <td>63.245553</td>\n",
       "      <td>121.655251</td>\n",
       "      <td>0.000000</td>\n",
       "      <td>80.000000</td>\n",
       "      <td>180.000000</td>\n",
       "      <td>121.655251</td>\n",
       "      <td>44.721360</td>\n",
       "      <td>89.442719</td>\n",
       "      <td>170.880075</td>\n",
       "      <td>89.442719</td>\n",
       "      <td>128.062485</td>\n",
       "      <td>188.679623</td>\n",
       "      <td>120.000000</td>\n",
       "      <td>144.222051</td>\n",
       "      <td>216.333077</td>\n",
       "      <td>140.000000</td>\n",
       "      <td>145.602198</td>\n",
       "      <td>197.989899</td>\n",
       "    </tr>\n",
       "    <tr>\n",
       "      <th>5</th>\n",
       "      <td>56.568542</td>\n",
       "      <td>89.442719</td>\n",
       "      <td>28.284271</td>\n",
       "      <td>44.721360</td>\n",
       "      <td>80.000000</td>\n",
       "      <td>0.000000</td>\n",
       "      <td>100.000000</td>\n",
       "      <td>44.721360</td>\n",
       "      <td>72.111026</td>\n",
       "      <td>40.000000</td>\n",
       "      <td>100.000000</td>\n",
       "      <td>89.442719</td>\n",
       "      <td>82.462113</td>\n",
       "      <td>128.062485</td>\n",
       "      <td>144.222051</td>\n",
       "      <td>120.000000</td>\n",
       "      <td>156.204994</td>\n",
       "      <td>161.245155</td>\n",
       "      <td>145.602198</td>\n",
       "      <td>152.315462</td>\n",
       "    </tr>\n",
       "    <tr>\n",
       "      <th>6</th>\n",
       "      <td>145.602198</td>\n",
       "      <td>44.721360</td>\n",
       "      <td>121.655251</td>\n",
       "      <td>63.245553</td>\n",
       "      <td>180.000000</td>\n",
       "      <td>100.000000</td>\n",
       "      <td>0.000000</td>\n",
       "      <td>63.245553</td>\n",
       "      <td>164.924225</td>\n",
       "      <td>107.703296</td>\n",
       "      <td>63.245553</td>\n",
       "      <td>161.245155</td>\n",
       "      <td>113.137085</td>\n",
       "      <td>101.980390</td>\n",
       "      <td>216.333077</td>\n",
       "      <td>156.204994</td>\n",
       "      <td>120.000000</td>\n",
       "      <td>228.035085</td>\n",
       "      <td>197.989899</td>\n",
       "      <td>145.602198</td>\n",
       "    </tr>\n",
       "    <tr>\n",
       "      <th>7</th>\n",
       "      <td>100.000000</td>\n",
       "      <td>72.111026</td>\n",
       "      <td>72.111026</td>\n",
       "      <td>40.000000</td>\n",
       "      <td>121.655251</td>\n",
       "      <td>44.721360</td>\n",
       "      <td>63.245553</td>\n",
       "      <td>0.000000</td>\n",
       "      <td>101.980390</td>\n",
       "      <td>44.721360</td>\n",
       "      <td>56.568542</td>\n",
       "      <td>100.000000</td>\n",
       "      <td>63.245553</td>\n",
       "      <td>89.442719</td>\n",
       "      <td>156.204994</td>\n",
       "      <td>107.703296</td>\n",
       "      <td>116.619038</td>\n",
       "      <td>169.705627</td>\n",
       "      <td>144.222051</td>\n",
       "      <td>121.655251</td>\n",
       "    </tr>\n",
       "    <tr>\n",
       "      <th>8</th>\n",
       "      <td>82.462113</td>\n",
       "      <td>161.245155</td>\n",
       "      <td>72.111026</td>\n",
       "      <td>116.619038</td>\n",
       "      <td>44.721360</td>\n",
       "      <td>72.111026</td>\n",
       "      <td>164.924225</td>\n",
       "      <td>101.980390</td>\n",
       "      <td>0.000000</td>\n",
       "      <td>60.000000</td>\n",
       "      <td>141.421356</td>\n",
       "      <td>44.721360</td>\n",
       "      <td>89.442719</td>\n",
       "      <td>152.315462</td>\n",
       "      <td>82.462113</td>\n",
       "      <td>100.000000</td>\n",
       "      <td>178.885438</td>\n",
       "      <td>101.980390</td>\n",
       "      <td>101.980390</td>\n",
       "      <td>156.204994</td>\n",
       "    </tr>\n",
       "    <tr>\n",
       "      <th>9</th>\n",
       "      <td>89.442719</td>\n",
       "      <td>113.137085</td>\n",
       "      <td>63.245553</td>\n",
       "      <td>72.111026</td>\n",
       "      <td>89.442719</td>\n",
       "      <td>40.000000</td>\n",
       "      <td>107.703296</td>\n",
       "      <td>44.721360</td>\n",
       "      <td>60.000000</td>\n",
       "      <td>0.000000</td>\n",
       "      <td>82.462113</td>\n",
       "      <td>56.568542</td>\n",
       "      <td>44.721360</td>\n",
       "      <td>100.000000</td>\n",
       "      <td>113.137085</td>\n",
       "      <td>80.000000</td>\n",
       "      <td>128.062485</td>\n",
       "      <td>128.062485</td>\n",
       "      <td>107.703296</td>\n",
       "      <td>116.619038</td>\n",
       "    </tr>\n",
       "    <tr>\n",
       "      <th>10</th>\n",
       "      <td>156.204994</td>\n",
       "      <td>100.000000</td>\n",
       "      <td>128.062485</td>\n",
       "      <td>89.442719</td>\n",
       "      <td>170.880075</td>\n",
       "      <td>100.000000</td>\n",
       "      <td>63.245553</td>\n",
       "      <td>56.568542</td>\n",
       "      <td>141.421356</td>\n",
       "      <td>82.462113</td>\n",
       "      <td>0.000000</td>\n",
       "      <td>121.655251</td>\n",
       "      <td>63.245553</td>\n",
       "      <td>40.000000</td>\n",
       "      <td>170.880075</td>\n",
       "      <td>100.000000</td>\n",
       "      <td>63.245553</td>\n",
       "      <td>178.885438</td>\n",
       "      <td>144.222051</td>\n",
       "      <td>82.462113</td>\n",
       "    </tr>\n",
       "    <tr>\n",
       "      <th>11</th>\n",
       "      <td>120.000000</td>\n",
       "      <td>169.705627</td>\n",
       "      <td>101.980390</td>\n",
       "      <td>128.062485</td>\n",
       "      <td>89.442719</td>\n",
       "      <td>89.442719</td>\n",
       "      <td>161.245155</td>\n",
       "      <td>100.000000</td>\n",
       "      <td>44.721360</td>\n",
       "      <td>56.568542</td>\n",
       "      <td>121.655251</td>\n",
       "      <td>0.000000</td>\n",
       "      <td>60.000000</td>\n",
       "      <td>121.655251</td>\n",
       "      <td>56.568542</td>\n",
       "      <td>56.568542</td>\n",
       "      <td>145.602198</td>\n",
       "      <td>72.111026</td>\n",
       "      <td>60.000000</td>\n",
       "      <td>116.619038</td>\n",
       "    </tr>\n",
       "    <tr>\n",
       "      <th>12</th>\n",
       "      <td>134.164079</td>\n",
       "      <td>134.164079</td>\n",
       "      <td>107.703296</td>\n",
       "      <td>101.980390</td>\n",
       "      <td>128.062485</td>\n",
       "      <td>82.462113</td>\n",
       "      <td>113.137085</td>\n",
       "      <td>63.245553</td>\n",
       "      <td>89.442719</td>\n",
       "      <td>44.721360</td>\n",
       "      <td>63.245553</td>\n",
       "      <td>60.000000</td>\n",
       "      <td>0.000000</td>\n",
       "      <td>63.245553</td>\n",
       "      <td>107.703296</td>\n",
       "      <td>44.721360</td>\n",
       "      <td>89.442719</td>\n",
       "      <td>116.619038</td>\n",
       "      <td>84.852814</td>\n",
       "      <td>72.111026</td>\n",
       "    </tr>\n",
       "    <tr>\n",
       "      <th>13</th>\n",
       "      <td>184.390889</td>\n",
       "      <td>140.000000</td>\n",
       "      <td>156.204994</td>\n",
       "      <td>126.491106</td>\n",
       "      <td>188.679623</td>\n",
       "      <td>128.062485</td>\n",
       "      <td>101.980390</td>\n",
       "      <td>89.442719</td>\n",
       "      <td>152.315462</td>\n",
       "      <td>100.000000</td>\n",
       "      <td>40.000000</td>\n",
       "      <td>121.655251</td>\n",
       "      <td>63.245553</td>\n",
       "      <td>0.000000</td>\n",
       "      <td>161.245155</td>\n",
       "      <td>82.462113</td>\n",
       "      <td>28.284271</td>\n",
       "      <td>164.924225</td>\n",
       "      <td>126.491106</td>\n",
       "      <td>44.721360</td>\n",
       "    </tr>\n",
       "    <tr>\n",
       "      <th>14</th>\n",
       "      <td>164.924225</td>\n",
       "      <td>226.274170</td>\n",
       "      <td>152.315462</td>\n",
       "      <td>184.390889</td>\n",
       "      <td>120.000000</td>\n",
       "      <td>144.222051</td>\n",
       "      <td>216.333077</td>\n",
       "      <td>156.204994</td>\n",
       "      <td>82.462113</td>\n",
       "      <td>113.137085</td>\n",
       "      <td>170.880075</td>\n",
       "      <td>56.568542</td>\n",
       "      <td>107.703296</td>\n",
       "      <td>161.245155</td>\n",
       "      <td>0.000000</td>\n",
       "      <td>80.000000</td>\n",
       "      <td>180.000000</td>\n",
       "      <td>20.000000</td>\n",
       "      <td>44.721360</td>\n",
       "      <td>141.421356</td>\n",
       "    </tr>\n",
       "    <tr>\n",
       "      <th>15</th>\n",
       "      <td>164.924225</td>\n",
       "      <td>178.885438</td>\n",
       "      <td>141.421356</td>\n",
       "      <td>145.602198</td>\n",
       "      <td>144.222051</td>\n",
       "      <td>120.000000</td>\n",
       "      <td>156.204994</td>\n",
       "      <td>107.703296</td>\n",
       "      <td>100.000000</td>\n",
       "      <td>80.000000</td>\n",
       "      <td>100.000000</td>\n",
       "      <td>56.568542</td>\n",
       "      <td>44.721360</td>\n",
       "      <td>82.462113</td>\n",
       "      <td>80.000000</td>\n",
       "      <td>0.000000</td>\n",
       "      <td>100.000000</td>\n",
       "      <td>82.462113</td>\n",
       "      <td>44.721360</td>\n",
       "      <td>63.245553</td>\n",
       "    </tr>\n",
       "    <tr>\n",
       "      <th>16</th>\n",
       "      <td>212.602916</td>\n",
       "      <td>161.245155</td>\n",
       "      <td>184.390889</td>\n",
       "      <td>152.315462</td>\n",
       "      <td>216.333077</td>\n",
       "      <td>156.204994</td>\n",
       "      <td>120.000000</td>\n",
       "      <td>116.619038</td>\n",
       "      <td>178.885438</td>\n",
       "      <td>128.062485</td>\n",
       "      <td>63.245553</td>\n",
       "      <td>145.602198</td>\n",
       "      <td>89.442719</td>\n",
       "      <td>28.284271</td>\n",
       "      <td>180.000000</td>\n",
       "      <td>100.000000</td>\n",
       "      <td>0.000000</td>\n",
       "      <td>181.107703</td>\n",
       "      <td>141.421356</td>\n",
       "      <td>44.721360</td>\n",
       "    </tr>\n",
       "    <tr>\n",
       "      <th>17</th>\n",
       "      <td>184.390889</td>\n",
       "      <td>240.831892</td>\n",
       "      <td>170.880075</td>\n",
       "      <td>200.000000</td>\n",
       "      <td>140.000000</td>\n",
       "      <td>161.245155</td>\n",
       "      <td>228.035085</td>\n",
       "      <td>169.705627</td>\n",
       "      <td>101.980390</td>\n",
       "      <td>128.062485</td>\n",
       "      <td>178.885438</td>\n",
       "      <td>72.111026</td>\n",
       "      <td>116.619038</td>\n",
       "      <td>164.924225</td>\n",
       "      <td>20.000000</td>\n",
       "      <td>82.462113</td>\n",
       "      <td>181.107703</td>\n",
       "      <td>0.000000</td>\n",
       "      <td>40.000000</td>\n",
       "      <td>140.000000</td>\n",
       "    </tr>\n",
       "    <tr>\n",
       "      <th>18</th>\n",
       "      <td>180.000000</td>\n",
       "      <td>216.333077</td>\n",
       "      <td>161.245155</td>\n",
       "      <td>178.885438</td>\n",
       "      <td>145.602198</td>\n",
       "      <td>145.602198</td>\n",
       "      <td>197.989899</td>\n",
       "      <td>144.222051</td>\n",
       "      <td>101.980390</td>\n",
       "      <td>107.703296</td>\n",
       "      <td>144.222051</td>\n",
       "      <td>60.000000</td>\n",
       "      <td>84.852814</td>\n",
       "      <td>126.491106</td>\n",
       "      <td>44.721360</td>\n",
       "      <td>44.721360</td>\n",
       "      <td>141.421356</td>\n",
       "      <td>40.000000</td>\n",
       "      <td>0.000000</td>\n",
       "      <td>100.000000</td>\n",
       "    </tr>\n",
       "    <tr>\n",
       "      <th>19</th>\n",
       "      <td>205.912603</td>\n",
       "      <td>181.107703</td>\n",
       "      <td>178.885438</td>\n",
       "      <td>161.245155</td>\n",
       "      <td>197.989899</td>\n",
       "      <td>152.315462</td>\n",
       "      <td>145.602198</td>\n",
       "      <td>121.655251</td>\n",
       "      <td>156.204994</td>\n",
       "      <td>116.619038</td>\n",
       "      <td>82.462113</td>\n",
       "      <td>116.619038</td>\n",
       "      <td>72.111026</td>\n",
       "      <td>44.721360</td>\n",
       "      <td>141.421356</td>\n",
       "      <td>63.245553</td>\n",
       "      <td>44.721360</td>\n",
       "      <td>140.000000</td>\n",
       "      <td>100.000000</td>\n",
       "      <td>0.000000</td>\n",
       "    </tr>\n",
       "  </tbody>\n",
       "</table>\n",
       "</div>"
      ],
      "text/plain": [
       "            C1          C2          C3          C4          C5          C6  \\\n",
       "0     0.000000  120.000000   28.284271   82.462113   56.568542   56.568542   \n",
       "1   120.000000    0.000000  101.980390   44.721360  164.924225   89.442719   \n",
       "2    28.284271  101.980390    0.000000   60.000000   63.245553   28.284271   \n",
       "3    82.462113   44.721360   60.000000    0.000000  121.655251   44.721360   \n",
       "4    56.568542  164.924225   63.245553  121.655251    0.000000   80.000000   \n",
       "5    56.568542   89.442719   28.284271   44.721360   80.000000    0.000000   \n",
       "6   145.602198   44.721360  121.655251   63.245553  180.000000  100.000000   \n",
       "7   100.000000   72.111026   72.111026   40.000000  121.655251   44.721360   \n",
       "8    82.462113  161.245155   72.111026  116.619038   44.721360   72.111026   \n",
       "9    89.442719  113.137085   63.245553   72.111026   89.442719   40.000000   \n",
       "10  156.204994  100.000000  128.062485   89.442719  170.880075  100.000000   \n",
       "11  120.000000  169.705627  101.980390  128.062485   89.442719   89.442719   \n",
       "12  134.164079  134.164079  107.703296  101.980390  128.062485   82.462113   \n",
       "13  184.390889  140.000000  156.204994  126.491106  188.679623  128.062485   \n",
       "14  164.924225  226.274170  152.315462  184.390889  120.000000  144.222051   \n",
       "15  164.924225  178.885438  141.421356  145.602198  144.222051  120.000000   \n",
       "16  212.602916  161.245155  184.390889  152.315462  216.333077  156.204994   \n",
       "17  184.390889  240.831892  170.880075  200.000000  140.000000  161.245155   \n",
       "18  180.000000  216.333077  161.245155  178.885438  145.602198  145.602198   \n",
       "19  205.912603  181.107703  178.885438  161.245155  197.989899  152.315462   \n",
       "\n",
       "            C7          C8          C9         C10         C11         C12  \\\n",
       "0   145.602198  100.000000   82.462113   89.442719  156.204994  120.000000   \n",
       "1    44.721360   72.111026  161.245155  113.137085  100.000000  169.705627   \n",
       "2   121.655251   72.111026   72.111026   63.245553  128.062485  101.980390   \n",
       "3    63.245553   40.000000  116.619038   72.111026   89.442719  128.062485   \n",
       "4   180.000000  121.655251   44.721360   89.442719  170.880075   89.442719   \n",
       "5   100.000000   44.721360   72.111026   40.000000  100.000000   89.442719   \n",
       "6     0.000000   63.245553  164.924225  107.703296   63.245553  161.245155   \n",
       "7    63.245553    0.000000  101.980390   44.721360   56.568542  100.000000   \n",
       "8   164.924225  101.980390    0.000000   60.000000  141.421356   44.721360   \n",
       "9   107.703296   44.721360   60.000000    0.000000   82.462113   56.568542   \n",
       "10   63.245553   56.568542  141.421356   82.462113    0.000000  121.655251   \n",
       "11  161.245155  100.000000   44.721360   56.568542  121.655251    0.000000   \n",
       "12  113.137085   63.245553   89.442719   44.721360   63.245553   60.000000   \n",
       "13  101.980390   89.442719  152.315462  100.000000   40.000000  121.655251   \n",
       "14  216.333077  156.204994   82.462113  113.137085  170.880075   56.568542   \n",
       "15  156.204994  107.703296  100.000000   80.000000  100.000000   56.568542   \n",
       "16  120.000000  116.619038  178.885438  128.062485   63.245553  145.602198   \n",
       "17  228.035085  169.705627  101.980390  128.062485  178.885438   72.111026   \n",
       "18  197.989899  144.222051  101.980390  107.703296  144.222051   60.000000   \n",
       "19  145.602198  121.655251  156.204994  116.619038   82.462113  116.619038   \n",
       "\n",
       "           C13         C14         C15         C16         C17         C18  \\\n",
       "0   134.164079  184.390889  164.924225  164.924225  212.602916  184.390889   \n",
       "1   134.164079  140.000000  226.274170  178.885438  161.245155  240.831892   \n",
       "2   107.703296  156.204994  152.315462  141.421356  184.390889  170.880075   \n",
       "3   101.980390  126.491106  184.390889  145.602198  152.315462  200.000000   \n",
       "4   128.062485  188.679623  120.000000  144.222051  216.333077  140.000000   \n",
       "5    82.462113  128.062485  144.222051  120.000000  156.204994  161.245155   \n",
       "6   113.137085  101.980390  216.333077  156.204994  120.000000  228.035085   \n",
       "7    63.245553   89.442719  156.204994  107.703296  116.619038  169.705627   \n",
       "8    89.442719  152.315462   82.462113  100.000000  178.885438  101.980390   \n",
       "9    44.721360  100.000000  113.137085   80.000000  128.062485  128.062485   \n",
       "10   63.245553   40.000000  170.880075  100.000000   63.245553  178.885438   \n",
       "11   60.000000  121.655251   56.568542   56.568542  145.602198   72.111026   \n",
       "12    0.000000   63.245553  107.703296   44.721360   89.442719  116.619038   \n",
       "13   63.245553    0.000000  161.245155   82.462113   28.284271  164.924225   \n",
       "14  107.703296  161.245155    0.000000   80.000000  180.000000   20.000000   \n",
       "15   44.721360   82.462113   80.000000    0.000000  100.000000   82.462113   \n",
       "16   89.442719   28.284271  180.000000  100.000000    0.000000  181.107703   \n",
       "17  116.619038  164.924225   20.000000   82.462113  181.107703    0.000000   \n",
       "18   84.852814  126.491106   44.721360   44.721360  141.421356   40.000000   \n",
       "19   72.111026   44.721360  141.421356   63.245553   44.721360  140.000000   \n",
       "\n",
       "           C19         C20  \n",
       "0   180.000000  205.912603  \n",
       "1   216.333077  181.107703  \n",
       "2   161.245155  178.885438  \n",
       "3   178.885438  161.245155  \n",
       "4   145.602198  197.989899  \n",
       "5   145.602198  152.315462  \n",
       "6   197.989899  145.602198  \n",
       "7   144.222051  121.655251  \n",
       "8   101.980390  156.204994  \n",
       "9   107.703296  116.619038  \n",
       "10  144.222051   82.462113  \n",
       "11   60.000000  116.619038  \n",
       "12   84.852814   72.111026  \n",
       "13  126.491106   44.721360  \n",
       "14   44.721360  141.421356  \n",
       "15   44.721360   63.245553  \n",
       "16  141.421356   44.721360  \n",
       "17   40.000000  140.000000  \n",
       "18    0.000000  100.000000  \n",
       "19  100.000000    0.000000  "
      ]
     },
     "execution_count": 69,
     "metadata": {},
     "output_type": "execute_result"
    }
   ],
   "source": [
    "df = pd.DataFrame(distances, columns=[\"C\"+f\"{x}\" for x in range(1,21)])\n",
    "df"
   ]
  },
  {
   "cell_type": "code",
   "execution_count": 70,
   "id": "6f39f483",
   "metadata": {
    "scrolled": false
   },
   "outputs": [],
   "source": [
    "#what can I do? life is beautiful but you don't have clue. black beauty\n",
    "\n",
    "class GA:\n",
    "    def __init__(self,city_pos , distances,population_size,num_generations,mutation_rate,tournament_size,waiting_callback):\n",
    "        \n",
    "        self.city_pos = city_pos\n",
    "        self.distances = distances\n",
    "        self.population_size = population_size\n",
    "        self.num_generations = num_generations\n",
    "        self.mutation_rate = mutation_rate\n",
    "        self.tournament_size = tournament_size\n",
    "        self.waiting_callback = waiting_callback\n",
    "        \n",
    "        \n",
    "    def fitness(self,chromosome):\n",
    "        total_distance = 0\n",
    "        for i in range(len(chromosome)-1):\n",
    "            current_city = chromosome[i]\n",
    "            next_city = chromosome[i + 1]\n",
    "            total_distance += self.distances[current_city][next_city]\n",
    "\n",
    "        return total_distance\n",
    "\n",
    "    def generate_population(self,population_size):\n",
    "        population = []\n",
    "        for _ in range(population_size):\n",
    "            chromosome = list(range(len(self.city_pos)))\n",
    "            random.shuffle(chromosome)\n",
    "\n",
    "            chromosome.append(chromosome[0])\n",
    "\n",
    "            population.append(chromosome)\n",
    "\n",
    "        return population\n",
    "\n",
    "    \n",
    "    def selection(self, population):\n",
    "        tournament = random.sample(population, self.tournament_size)\n",
    "        fittest = min(tournament, key=lambda x: self.fitness(x))\n",
    "        return fittest\n",
    "\n",
    "\n",
    "    def crossover(self, parent1, parent2):\n",
    "        crossover_point = random.randint(1, 19)\n",
    "        child1 = parent1[:crossover_point] + [city for city in parent2 if city not in parent1[:crossover_point]]\n",
    "        child2 = parent2[:crossover_point] + [city for city in parent1 if city not in parent2[:crossover_point]]\n",
    "\n",
    "        return child1, child2\n",
    "\n",
    "\n",
    "    def mutation(self, chromosome):\n",
    "        mutated_chromosome = chromosome.copy()\n",
    "\n",
    "        # Perform mutation on the chromosome\n",
    "        for _ in range(self.mutation_rate):\n",
    "            index1 = random.randint(0, len(mutated_chromosome) - 1)\n",
    "            index2 = random.randint(0, len(mutated_chromosome) - 1)\n",
    "            mutated_chromosome[index1], mutated_chromosome[index2] = (\n",
    "              mutated_chromosome[index2],\n",
    "              mutated_chromosome[index1],\n",
    "            )\n",
    "\n",
    "        return mutated_chromosome\n",
    "\n",
    "\n",
    "    def call_back(self,best_fitnesses,population):\n",
    "        check_fitness = []\n",
    "        for i in best_fitnesses[len(best_fitnesses)-self.waiting_callback:]:\n",
    "            for j in best_fitnesses[len(best_fitnesses)-self.waiting_callback:]:\n",
    "                check_fitness.append(abs(i-j))\n",
    "                \n",
    "        if np.array(check_fitness).mean()<1:\n",
    "            return self.generate_population(self.population_size)\n",
    "            \n",
    "        return population\n",
    "\n",
    "\n",
    "\n",
    "\n",
    "    def ga(self):\n",
    "        \n",
    "        population = self.generate_population(self.population_size)\n",
    "\n",
    "\n",
    "        best_fitnesses = []\n",
    "\n",
    "        for generation in range(self.num_generations):\n",
    "\n",
    "            best_fitness = np.min(list(map(self.fitness, population)))\n",
    "            best_fitnesses.append(best_fitness)\n",
    "            population = self.call_back(best_fitnesses,population)\n",
    "\n",
    "\n",
    "            if generation%100==0:\n",
    "                print(f\"Generation {generation} ------------> average fitness {np.mean(list(map(self.fitness, population)))} , Best Chromosome Fitness {best_fitness}\")\n",
    "                \n",
    "            offspring = []\n",
    "            for _ in range(self.population_size // 2):\n",
    "                \n",
    "                parent1, parent2 = self.selection(population) , self.selection(population)\n",
    "                child1, child2 = self.crossover(parent1, parent2)\n",
    "                child1, child2 = self.mutation(child1) , self.mutation(child2)\n",
    "\n",
    "\n",
    "                offspring.extend([child1, child2])\n",
    "            \n",
    "            population = []\n",
    "            population.extend(offspring)\n",
    "            \n",
    "\n",
    "\n",
    "\n",
    "        best_individual = min(population, key=lambda x: self.fitness(x))\n",
    "        best_distance = min(best_fitnesses)\n",
    "        \n",
    "        return best_individual, best_distance , best_fitnesses\n",
    "\n",
    "\n",
    "\n",
    "    \n"
   ]
  },
  {
   "cell_type": "code",
   "execution_count": 59,
   "id": "a32518b4",
   "metadata": {},
   "outputs": [
    {
     "name": "stdout",
     "output_type": "stream",
     "text": [
      "Generation 0 ------------> average fitness 2320.426809185368 , Best Chromosome Fitness 1744.9940186883875\n",
      "Generation 100 ------------> average fitness 1821.0181963492691 , Best Chromosome Fitness 1176.5106811512683\n",
      "Generation 200 ------------> average fitness 1829.7751226509424 , Best Chromosome Fitness 1346.0460353083788\n",
      "Generation 300 ------------> average fitness 1827.5835277300741 , Best Chromosome Fitness 1258.4512349616568\n",
      "Generation 400 ------------> average fitness 1793.7297187081986 , Best Chromosome Fitness 1300.1236402554212\n",
